$ 1 0.000005 10.20027730826997 50 5 50 5e-11
r 32 176 32 272 0 8000
r 32 176 112 176 0 4000
r 32 272 112 272 0 12000
r 112 176 112 272 0 24000
w 112 176 224 176 0
w 224 176 240 176 0
r 240 176 352 176 0 12000
r 352 176 304 272 0 9000
w 240 272 304 272 0
r 352 176 416 272 0 3000
r 416 272 304 272 0 6000
r 112 272 176 272 0 12000
w 176 272 176 336 0
w 240 272 224 272 0
w 224 272 224 336 0
370 176 336 224 336 3 0 0
v 240 272 240 240 0 0 40 72 0 0 0.5
w 240 240 272 240 0
w 240 176 240 192 0
w 240 192 272 192 0
w 288 256 304 272 0
w 352 176 320 192 0
370 272 192 272 240 3 0 0
p 320 192 288 256 3 0 0 10000000
