$ 1 0.000005 10.20027730826997 50 5 50 5e-11
w 48 176 128 176 0
w 128 176 128 112 0
w 128 176 128 240 0
w 352 336 80 336 0
g 48 336 48 368 0 0
w 80 336 48 336 0
r 128 112 240 112 0 6
r 128 240 240 240 0 2
r 128 176 240 176 0 6
w 128 112 128 64 0
p 128 64 288 64 3 0 0 10000000
370 240 112 288 112 3 0 0
370 240 176 288 176 3 0 0
370 240 240 288 240 3 0 0
w 288 64 288 112 0
w 288 112 288 176 0
w 288 176 288 240 0
w 352 336 432 336 0
w 288 176 336 176 0
w 400 176 432 176 0
w 432 176 432 208 0
w 432 336 432 304 0
w 432 208 352 208 0
w 432 304 352 304 0
w 432 208 480 208 0
w 432 304 480 304 0
w 480 208 528 208 0
w 480 304 528 304 0
370 336 176 400 176 3 0 0
370 352 208 352 256 3 0 0
370 432 208 432 256 3 0 0
r 352 256 352 304 0 8
r 432 256 432 304 0 12
p 528 208 528 304 3 0 0 10000000
v 48 336 48 240 0 0 40 24 0 0 0.5
370 48 240 48 176 3 0 0
