$ 65 0.000005 10.20027730826997 50 5 50 5e-11
w 224 64 32 64 0
w 32 64 32 432 0
w 32 432 240 432 0
w 224 128 144 128 0
w 224 128 352 128 0
w 144 128 144 144 0
w 144 192 144 224 0
w 144 224 144 240 0
w 144 240 144 272 0
w 144 320 144 336 0
w 144 336 240 432 0
w 144 336 80 336 0
w 144 272 80 272 0
w 144 192 80 192 0
w 144 144 80 144 0
r 144 144 144 192 0 40000
r 144 272 144 320 0 4000
p 80 144 80 192 3 0 0 10000000
p 80 272 80 336 3 0 0 10000000
w 144 240 288 240 0
w 288 240 256 192 0
w 288 240 256 272 0
w 352 128 352 144 0
w 352 176 352 224 0
t 288 240 352 240 0 1 -6.599528510121319 0.6031850937417853 100 default
w 352 176 288 160 0
w 352 256 352 320 0
w 352 320 288 336 0
w 352 320 432 320 0
w 368 400 432 400 0
w 368 400 240 432 0
r 352 144 352 176 0 10000
r 352 320 368 400 0 1000
p 288 160 256 192 3 0 0 10000000
p 256 272 288 336 3 0 0 10000000
p 432 320 432 400 3 0 0 10000000
p 432 224 432 256 3 0 0 10000000
w 352 224 432 224 0
w 352 256 432 256 0
g 240 432 240 464 0 0
v 224 64 224 128 0 0 40 22 0 0 0.5
